Bayesian logistic estimates for log odds of having a child in the next two years (women 18-45).

|  |  |
|:----|----:|
| (Intercept) |-2.296 (0.468) ***|
| agef(22,26] |0.324 (0.391)    |
| agef(26,30] |0.172 (0.419)    |
| agef(30,34] |1.342 (0.388) ***|
| agef(34,38] |0.535 (0.473)    |
| agef(38,46] |-0.551 (0.571)    |
| reltradmainline |0.124 (0.441)    |
| reltradother |-0.124 (0.532)    |
| reltradcatholic |0.551 (0.298) +  |
| reltradnone |-0.098 (0.312)    |
| c1 |2.305 (0.492) ***|
| c2 |1.394 (0.560) *  |
| white |-0.379 (0.130) ** |
| married |0.711 (0.127) ***|
| educ |-0.049 (0.023) *  |
| rswitch |-0.101 (0.157)    |
| reltradmainline:c1 |-0.773 (0.698)    |
| reltradother:c1 |0.305 (0.700)    |
| reltradcatholic:c1 |-1.004 (0.419) *  |
| reltradnone:c1 |0.232 (0.402)    |
| reltradmainline:c2 |0.073 (0.544)    |
| reltradother:c2 |0.574 (0.626)    |
| reltradcatholic:c2 |-0.166 (0.367)    |
| reltradnone:c2 |0.137 (0.411)    |
| agef(22,26]:c1 |-0.638 (0.539)    |
| agef(26,30]:c1 |-0.783 (0.561)    |
| agef(30,34]:c1 |-2.372 (0.528) ***|
| agef(34,38]:c1 |-1.873 (0.634) ** |
| agef(38,46]:c1 |-1.772 (0.710) *  |
| agef(22,26]:c2 |-0.325 (0.599)    |
| agef(26,30]:c2 |-1.264 (0.622) *  |
| agef(30,34]:c2 |-2.866 (0.603) ***|
| agef(34,38]:c2 |-2.172 (0.673) ***|
| agef(38,46]:c2 |-1.386 (0.722) +  |

Note: Mean estimates with 95% C.I. Bold indicates different from 0.



Fit Statistics
WAIC (two versions)
$waic
[1] 2346

$p_waic
[1] 36.2

$lppd
[1] -1137

$p_waic_1
[1] 35.2

     waic       lpd    p_waic elpd_waic     p_loo  elpd_loo 
   2346.1   -1136.8      36.2   -1173.1      36.3   -1173.1 
     waic       lpd    p_waic elpd_waic     p_loo  elpd_loo 
    84.99     40.91      1.84     42.49      1.84     42.50 
DIC$dic
[1] 2345

$elpd_dic
[1] -1173

$logdev
[1] 2309

$pdic
[1] 36.5



@@@@@@@@@@@@@@@@@
Model Info
@@@@@@@@@@@@@@@

            mean  se_mean     sd    2.5%     25%     50%      75%    97.5% n_eff  Rhat
beta[1]  -2.2959 0.019100 0.4682 -3.2385 -2.6074 -2.2920 -1.97461 -1.40489   601 0.999
beta[2]   0.3237 0.017645 0.3912 -0.4485  0.0616  0.3224  0.58598  1.09728   492 1.001
beta[3]   0.1717 0.016809 0.4191 -0.6239 -0.1125  0.1615  0.43747  1.02197   621 1.002
beta[4]   1.3424 0.017543 0.3883  0.6179  1.0767  1.3268  1.60052  2.11891   490 1.002
beta[5]   0.5353 0.018318 0.4728 -0.3606  0.2340  0.5184  0.84202  1.51342   666 1.000
beta[6]  -0.5511 0.021159 0.5708 -1.6760 -0.9618 -0.5245 -0.15689  0.56377   728 1.000
beta[7]   0.1242 0.013085 0.4414 -0.7942 -0.1478  0.1392  0.41225  0.96537  1138 1.002
beta[8]  -0.1238 0.016790 0.5320 -1.2312 -0.4784 -0.0992  0.23886  0.86755  1004 1.000
beta[9]   0.5511 0.010490 0.2981 -0.0284  0.3507  0.5447  0.74876  1.16250   808 1.001
beta[10] -0.0979 0.010384 0.3123 -0.6975 -0.3127 -0.0899  0.11002  0.49226   905 1.002
beta[11]  2.3049 0.024585 0.4924  1.3812  1.9607  2.2963  2.63257  3.27924   401 1.003
beta[12]  1.3935 0.026844 0.5598  0.2830  1.0205  1.4148  1.75567  2.46235   435 1.004
beta[13] -0.3786 0.003062 0.1299 -0.6311 -0.4608 -0.3796 -0.29433 -0.11647  1800 0.999
beta[14]  0.7113 0.002998 0.1272  0.4582  0.6270  0.7121  0.79483  0.96425  1800 0.999
beta[15] -0.0490 0.000552 0.0234 -0.0944 -0.0643 -0.0493 -0.03341 -0.00202  1800 0.999
beta[16] -0.1007 0.003700 0.1570 -0.4138 -0.2068 -0.0999  0.00697  0.20330  1800 0.999
beta[17] -0.7727 0.022008 0.6982 -2.2061 -1.2394 -0.7327 -0.30210  0.51021  1006 1.001
beta[18]  0.3049 0.020530 0.6998 -1.0877 -0.1661  0.2836  0.77659  1.69163  1162 1.001
beta[19] -1.0036 0.013804 0.4186 -1.8399 -1.2767 -1.0007 -0.72409 -0.17513   919 1.000
beta[20]  0.2324 0.011797 0.4018 -0.5831 -0.0269  0.2249  0.49635  1.02473  1160 1.001
beta[21]  0.0730 0.014321 0.5435 -0.9696 -0.3061  0.0784  0.45863  1.12223  1441 1.001
beta[22]  0.5744 0.018945 0.6264 -0.6336  0.1561  0.5604  0.97443  1.84481  1093 1.000
beta[23] -0.1657 0.012327 0.3667 -0.9154 -0.4052 -0.1624  0.07884  0.52319   885 1.002
beta[24]  0.1375 0.013520 0.4108 -0.6505 -0.1444  0.1442  0.40659  0.93491   923 1.003
beta[25] -0.6380 0.023674 0.5386 -1.7126 -1.0022 -0.6341 -0.28128  0.42199   518 1.002
beta[26] -0.7834 0.023033 0.5609 -1.8616 -1.1704 -0.7797 -0.38863  0.30835   593 1.004
beta[27] -2.3718 0.022476 0.5282 -3.4230 -2.7195 -2.3677 -2.02718 -1.34017   552 1.004
beta[28] -1.8725 0.027017 0.6339 -3.1964 -2.3030 -1.8820 -1.41954 -0.67850   550 1.003
beta[29] -1.7719 0.027389 0.7098 -3.1050 -2.2788 -1.7744 -1.27480 -0.39839   672 1.000
beta[30] -0.3252 0.026458 0.5991 -1.4675 -0.7245 -0.3297  0.06533  0.90088   513 1.001
beta[31] -1.2640 0.026214 0.6219 -2.5060 -1.6691 -1.2530 -0.85844 -0.01752   563 1.003
beta[32] -2.8662 0.026286 0.6029 -4.0324 -3.2714 -2.8527 -2.46535 -1.69435   526 1.002
beta[33] -2.1715 0.027245 0.6726 -3.5659 -2.5867 -2.1938 -1.72132 -0.85133   609 1.002
beta[34] -1.3857 0.029717 0.7221 -2.7511 -1.8793 -1.4021 -0.87529 -0.00336   590 1.002
