[1] 2015-09-06


@@@@@@@@@@@@@@@@@@@
 POSTERIOR SUMMARY 
@@@@@@@@@@@@@@@@@@@@@

$summary
                        mean    se_mean         sd         2.5%           25%           50%           75%        97.5%  n_eff  Rhat
beta_raw[1,1]      -1.757978    1.22161    1.59955     -3.38495     -3.105283    -2.7630155     0.3547709     0.355318   1.71  3.94
beta_raw[1,2]       2.229527    1.79575    2.22957     -0.87820     -0.875333     3.7263724     3.9267786     4.125401   1.54  7.21
beta_raw[1,3]       0.264182    0.67200    0.87373     -1.38253     -0.296087     0.0365580     1.3669507     1.369515   1.69  4.87
beta_raw[1,4]       0.196059    0.55518    0.97308     -1.58329     -0.711819     0.3271016     1.1399857     1.530186   3.07  2.92
beta_raw[1,5]       0.606140    0.48533    0.71262     -0.84707     -0.071399     1.0620844     1.1902241     1.405722   2.16  3.26
beta_raw[1,6]       0.032580    0.05089    0.18126     -0.51111      0.008404     0.0770316     0.0891678     0.235249  12.69  1.27
beta_raw[1,7]       0.343513    0.39518    0.51424     -0.61931      0.000579     0.1397934     1.0227139     1.023720   1.69  3.75
beta_raw[1,8]       0.349635    0.05620    0.16559     -0.06780      0.260810     0.3189088     0.4670504     0.663114   8.68  1.41
beta_raw[1,9]       0.028023    0.01386    0.01772      0.00943      0.014450     0.0180608     0.0512279     0.056679   1.63  3.70
beta_raw[1,10]     -0.000985    0.00116    0.00145     -0.00313     -0.002921    -0.0000564     0.0001309     0.000378   1.55  5.98
beta_raw[2,1]      -1.656718    1.70964    2.17196     -3.76030     -3.450562    -3.0491667     1.2945644     1.296122   1.61  5.39
beta_raw[2,2]      -1.120794    0.45408    0.60062     -1.86564     -1.657228    -1.2438792    -0.7482828     0.159442   1.75  5.23
beta_raw[2,3]       3.897415    1.22251    1.61639      1.77101      1.772110     4.8087103     5.2144368     5.742188   1.75  3.91
beta_raw[2,4]       0.382464    0.89346    1.15035     -1.15489     -1.153606     0.8948445     1.4099876     1.713837   1.66  6.91
beta_raw[2,5]       1.507087    0.51093    0.81849      0.11188      0.611002     1.8912906     2.2191984     2.582844   2.57  2.69
beta_raw[2,6]      -0.264275    0.35712    0.46786     -0.87143     -0.869463    -0.0954408     0.0603849     0.310751   1.72  2.71
beta_raw[2,7]      -0.222605    0.29244    0.39934     -0.72075     -0.716490     0.0047067     0.1162773     0.294118   1.86  2.50
beta_raw[2,8]      -0.014600    0.32257    0.47045     -1.20605     -0.279698    -0.0995201     0.5179712     0.519603   2.13  2.17
beta_raw[2,9]       0.013501    0.00940    0.01340     -0.00311      0.003281     0.0084484     0.0287444     0.035495   2.03  2.21
beta_raw[2,10]     -0.001581    0.00147    0.00184     -0.00434     -0.004016    -0.0004430    -0.0001455     0.000222   1.57  5.27
beta_raw[3,1]      -2.034720    1.40509    1.86041     -4.36389     -3.492467    -2.9206906     0.4147602     0.415568   1.75  4.85
beta_raw[3,2]       0.545398    0.84889    1.07479     -1.07567     -0.750611     1.0974836     1.5360470     1.539181   1.60  7.13
beta_raw[3,3]       0.645734    0.62927    0.78410     -0.45950     -0.155424     0.6311522     1.6040180     1.604888   1.55  6.84
beta_raw[3,4]       4.207973    2.04620    2.65945      0.65290      0.659568     5.7429681     6.3073705     7.079344   1.69  4.31
beta_raw[3,5]       1.073231    0.62809    1.23832     -1.45645     -0.114318     1.1987673     2.1104860     2.961443   3.89  2.12
beta_raw[3,6]       0.532066    0.70435    0.86689     -0.27988     -0.111784     0.0076990     1.7498922     1.750754   1.51 11.90
beta_raw[3,7]       0.064366    0.05731    0.15754     -0.29748     -0.043693     0.1372810     0.1618929     0.302049   7.56  1.53
beta_raw[3,8]       0.221276    0.17101    0.24950     -0.26544      0.027021     0.2352339     0.4893401     0.490470   2.13  1.90
beta_raw[3,9]       0.004020    0.00481    0.00706     -0.00640     -0.001362     0.0022593     0.0123545     0.015815   2.15  1.97
beta_raw[3,10]     -0.001560    0.00173    0.00213     -0.00468     -0.004482    -0.0002177     0.0000409     0.000437   1.53 10.45
beta_raw[4,1]      -0.698681    1.36970    1.76156     -2.67962     -2.215224    -1.5973722     1.6644918     1.665897   1.65  5.06
beta_raw[4,2]       0.922154    0.29842    0.53284     -0.43569      0.695941     1.0577967     1.4158947     1.417068   3.19  2.23
beta_raw[4,3]       1.022042    0.90546    1.34241     -0.47027     -0.468657     1.1396257     2.2513511     2.920777   2.20  3.07
beta_raw[4,4]       1.155271    0.66095    1.18782     -1.11172     -0.063186     1.5212419     2.2821629     2.629886   3.23  1.98
beta_raw[4,5]       2.359076    1.28131    1.71673      0.13688      0.143883     3.2829631     3.7799115     4.123600   1.80  3.09
beta_raw[4,6]      -0.255865    0.29020    0.37473     -0.73894     -0.565124    -0.4065564     0.2265298     0.229217   1.67  3.30
beta_raw[4,7]      -0.429043    0.12391    0.18245     -0.63413     -0.617096    -0.4204626    -0.2893931    -0.101773   2.17  1.91
beta_raw[4,8]       0.492548    0.29125    0.38767     -0.23779      0.212970     0.3950175     0.9764387     0.978595   1.77  3.34
beta_raw[4,9]      -0.014475    0.00166    0.00467     -0.02285     -0.017218    -0.0144950    -0.0112456    -0.006325   7.89  1.22
beta_raw[4,10]     -0.001931    0.00200    0.00247     -0.00556     -0.005323    -0.0003052    -0.0000883     0.000225   1.52  8.87
beta_raw[5,1]      -2.157516    0.99907    1.31967     -3.65525     -3.323516    -2.8570665    -0.5007063    -0.499121   1.74  3.57
beta_raw[5,2]       0.395255    0.67252    0.83141     -0.75798     -0.755146     0.8662850     1.0762318     1.232316   1.53  6.68
beta_raw[5,3]      -0.741473    0.66702    0.85561     -1.54702     -1.546199    -1.0528191     0.0141150     0.856208   1.65  7.33
beta_raw[5,4]      -0.123143    0.78016    1.14990     -1.36166     -0.989666    -0.5700462     0.4861595     2.303719   2.17  4.60
beta_raw[5,5]       0.591145    0.27890    0.50238     -0.63835      0.440706     0.6760347     1.0530587     1.054609   3.24  3.27
beta_raw[5,6]      -0.523468    0.25322    0.48721     -1.18284     -0.983714    -0.5200496    -0.0930667     0.170390   3.70  1.60
beta_raw[5,7]      -0.961253    0.28513    0.38467     -1.42975     -1.410449    -0.8053160    -0.6082175    -0.408092   1.82  2.54
beta_raw[5,8]      -0.427793    0.41348    0.53555     -1.65343     -0.810154    -0.4495450     0.2051768     0.205949   1.68  4.11
beta_raw[5,9]       0.049301    0.01164    0.06697     -0.02120      0.053561     0.0584122     0.0643226     0.077596  33.12  1.06
beta_raw[5,10]     -0.000711    0.00168    0.00326     -0.00472     -0.002504     0.0005848     0.0009683     0.001428   3.76  1.34
beta[1,1]           0.000000    0.00000    0.00000      0.00000      0.000000     0.0000000     0.0000000     0.000000 750.00   NaN
beta[1,2]           0.000000    0.00000    0.00000      0.00000      0.000000     0.0000000     0.0000000     0.000000 750.00   NaN
beta[1,3]           0.000000    0.00000    0.00000      0.00000      0.000000     0.0000000     0.0000000     0.000000 750.00   NaN
beta[1,4]           0.000000    0.00000    0.00000      0.00000      0.000000     0.0000000     0.0000000     0.000000 750.00   NaN
beta[1,5]           0.000000    0.00000    0.00000      0.00000      0.000000     0.0000000     0.0000000     0.000000 750.00   NaN
beta[1,6]           0.000000    0.00000    0.00000      0.00000      0.000000     0.0000000     0.0000000     0.000000 750.00   NaN
beta[1,7]           0.000000    0.00000    0.00000      0.00000      0.000000     0.0000000     0.0000000     0.000000 750.00   NaN
beta[1,8]           0.000000    0.00000    0.00000      0.00000      0.000000     0.0000000     0.0000000     0.000000 750.00   NaN
beta[1,9]           0.000000    0.00000    0.00000      0.00000      0.000000     0.0000000     0.0000000     0.000000 750.00   NaN
beta[1,10]          0.000000    0.00000    0.00000      0.00000      0.000000     0.0000000     0.0000000     0.000000 750.00   NaN
beta[2,1]          -1.757978    1.22161    1.59955     -3.38495     -3.105283    -2.7630155     0.3547709     0.355318   1.71  3.94
beta[2,2]           2.229527    1.79575    2.22957     -0.87820     -0.875333     3.7263724     3.9267786     4.125401   1.54  7.21
beta[2,3]           0.264182    0.67200    0.87373     -1.38253     -0.296087     0.0365580     1.3669507     1.369515   1.69  4.87
beta[2,4]           0.196059    0.55518    0.97308     -1.58329     -0.711819     0.3271016     1.1399857     1.530186   3.07  2.92
beta[2,5]           0.606140    0.48533    0.71262     -0.84707     -0.071399     1.0620844     1.1902241     1.405722   2.16  3.26
beta[2,6]           0.032580    0.05089    0.18126     -0.51111      0.008404     0.0770316     0.0891678     0.235249  12.69  1.27
beta[2,7]           0.343513    0.39518    0.51424     -0.61931      0.000579     0.1397934     1.0227139     1.023720   1.69  3.75
beta[2,8]           0.349635    0.05620    0.16559     -0.06780      0.260810     0.3189088     0.4670504     0.663114   8.68  1.41
beta[2,9]           0.028023    0.01386    0.01772      0.00943      0.014450     0.0180608     0.0512279     0.056679   1.63  3.70
beta[2,10]         -0.000985    0.00116    0.00145     -0.00313     -0.002921    -0.0000564     0.0001309     0.000378   1.55  5.98
beta[3,1]          -1.656718    1.70964    2.17196     -3.76030     -3.450562    -3.0491667     1.2945644     1.296122   1.61  5.39
beta[3,2]          -1.120794    0.45408    0.60062     -1.86564     -1.657228    -1.2438792    -0.7482828     0.159442   1.75  5.23
beta[3,3]           3.897415    1.22251    1.61639      1.77101      1.772110     4.8087103     5.2144368     5.742188   1.75  3.91
beta[3,4]           0.382464    0.89346    1.15035     -1.15489     -1.153606     0.8948445     1.4099876     1.713837   1.66  6.91
beta[3,5]           1.507087    0.51093    0.81849      0.11188      0.611002     1.8912906     2.2191984     2.582844   2.57  2.69
beta[3,6]          -0.264275    0.35712    0.46786     -0.87143     -0.869463    -0.0954408     0.0603849     0.310751   1.72  2.71
beta[3,7]          -0.222605    0.29244    0.39934     -0.72075     -0.716490     0.0047067     0.1162773     0.294118   1.86  2.50
beta[3,8]          -0.014600    0.32257    0.47045     -1.20605     -0.279698    -0.0995201     0.5179712     0.519603   2.13  2.17
beta[3,9]           0.013501    0.00940    0.01340     -0.00311      0.003281     0.0084484     0.0287444     0.035495   2.03  2.21
beta[3,10]         -0.001581    0.00147    0.00184     -0.00434     -0.004016    -0.0004430    -0.0001455     0.000222   1.57  5.27
beta[4,1]          -2.034720    1.40509    1.86041     -4.36389     -3.492467    -2.9206906     0.4147602     0.415568   1.75  4.85
beta[4,2]           0.545398    0.84889    1.07479     -1.07567     -0.750611     1.0974836     1.5360470     1.539181   1.60  7.13
beta[4,3]           0.645734    0.62927    0.78410     -0.45950     -0.155424     0.6311522     1.6040180     1.604888   1.55  6.84
beta[4,4]           4.207973    2.04620    2.65945      0.65290      0.659568     5.7429681     6.3073705     7.079344   1.69  4.31
beta[4,5]           1.073231    0.62809    1.23832     -1.45645     -0.114318     1.1987673     2.1104860     2.961443   3.89  2.12
beta[4,6]           0.532066    0.70435    0.86689     -0.27988     -0.111784     0.0076990     1.7498922     1.750754   1.51 11.90
beta[4,7]           0.064366    0.05731    0.15754     -0.29748     -0.043693     0.1372810     0.1618929     0.302049   7.56  1.53
beta[4,8]           0.221276    0.17101    0.24950     -0.26544      0.027021     0.2352339     0.4893401     0.490470   2.13  1.90
beta[4,9]           0.004020    0.00481    0.00706     -0.00640     -0.001362     0.0022593     0.0123545     0.015815   2.15  1.97
beta[4,10]         -0.001560    0.00173    0.00213     -0.00468     -0.004482    -0.0002177     0.0000409     0.000437   1.53 10.45
beta[5,1]          -0.698681    1.36970    1.76156     -2.67962     -2.215224    -1.5973722     1.6644918     1.665897   1.65  5.06
beta[5,2]           0.922154    0.29842    0.53284     -0.43569      0.695941     1.0577967     1.4158947     1.417068   3.19  2.23
beta[5,3]           1.022042    0.90546    1.34241     -0.47027     -0.468657     1.1396257     2.2513511     2.920777   2.20  3.07
beta[5,4]           1.155271    0.66095    1.18782     -1.11172     -0.063186     1.5212419     2.2821629     2.629886   3.23  1.98
beta[5,5]           2.359076    1.28131    1.71673      0.13688      0.143883     3.2829631     3.7799115     4.123600   1.80  3.09
beta[5,6]          -0.255865    0.29020    0.37473     -0.73894     -0.565124    -0.4065564     0.2265298     0.229217   1.67  3.30
beta[5,7]          -0.429043    0.12391    0.18245     -0.63413     -0.617096    -0.4204626    -0.2893931    -0.101773   2.17  1.91
beta[5,8]           0.492548    0.29125    0.38767     -0.23779      0.212970     0.3950175     0.9764387     0.978595   1.77  3.34
beta[5,9]          -0.014475    0.00166    0.00467     -0.02285     -0.017218    -0.0144950    -0.0112456    -0.006325   7.89  1.22
beta[5,10]         -0.001931    0.00200    0.00247     -0.00556     -0.005323    -0.0003052    -0.0000883     0.000225   1.52  8.87
beta[6,1]          -2.157516    0.99907    1.31967     -3.65525     -3.323516    -2.8570665    -0.5007063    -0.499121   1.74  3.57
beta[6,2]           0.395255    0.67252    0.83141     -0.75798     -0.755146     0.8662850     1.0762318     1.232316   1.53  6.68
beta[6,3]          -0.741473    0.66702    0.85561     -1.54702     -1.546199    -1.0528191     0.0141150     0.856208   1.65  7.33
beta[6,4]          -0.123143    0.78016    1.14990     -1.36166     -0.989666    -0.5700462     0.4861595     2.303719   2.17  4.60
beta[6,5]           0.591145    0.27890    0.50238     -0.63835      0.440706     0.6760347     1.0530587     1.054609   3.24  3.27
beta[6,6]          -0.523468    0.25322    0.48721     -1.18284     -0.983714    -0.5200496    -0.0930667     0.170390   3.70  1.60
beta[6,7]          -0.961253    0.28513    0.38467     -1.42975     -1.410449    -0.8053160    -0.6082175    -0.408092   1.82  2.54
beta[6,8]          -0.427793    0.41348    0.53555     -1.65343     -0.810154    -0.4495450     0.2051768     0.205949   1.68  4.11
beta[6,9]           0.049301    0.01164    0.06697     -0.02120      0.053561     0.0584122     0.0643226     0.077596  33.12  1.06
beta[6,10]         -0.000711    0.00168    0.00326     -0.00472     -0.002504     0.0005848     0.0009683     0.001428   3.76  1.34
lp__           -10095.404568 4343.94923 5406.58098 -17658.76574 -17416.690599 -6228.4512314 -6071.3604219 -5962.231717   1.55  5.98

$c_summary
, , chains = chain:1

                stats
parameter                 mean          sd          2.5%          25%            50%           75%        97.5%
  beta_raw[1,1]     -2.6971644    0.958558     -3.456368    -3.280319    -3.17315820    -2.3837067     0.262308
  beta_raw[1,2]      3.7530464    0.637452      1.631703     3.822155     3.95251415     4.0302231     4.176668
  beta_raw[1,3]     -0.6154612    0.452491     -1.583920    -1.078021    -0.36736989    -0.2616218    -0.143034
  beta_raw[1,4]      0.1955861    1.047734     -1.690613    -0.636949     0.44074608     1.1766656     1.458957
  beta_raw[1,5]      0.8528437    0.526417     -0.219079     0.423314     1.06208444     1.2533096     1.428706
  beta_raw[1,6]     -0.0296896    0.290899     -0.866860    -0.062367     0.04615972     0.1395127     0.284043
  beta_raw[1,7]     -0.0262520    0.294519     -0.788396    -0.128877     0.06350152     0.1853012     0.276747
  beta_raw[1,8]      0.3609410    0.233449     -0.154377     0.235044     0.43167389     0.5000588     0.773481
  beta_raw[1,9]      0.0169033    0.007026      0.008041     0.013284     0.01576426     0.0186928     0.036828
  beta_raw[1,10]    -0.0000653    0.000454     -0.001606    -0.000121     0.00003467     0.0001645     0.000395
  beta_raw[2,1]     -2.9045610    0.935122     -3.786899    -3.514932    -3.22255988    -2.8211894    -0.271085
  beta_raw[2,2]     -0.3904706    0.396548     -1.052266    -0.746164    -0.45256648    -0.0019713     0.285767
  beta_raw[2,3]      4.9077206    1.001010      2.005163     4.676492     5.25599140     5.6116345     5.823109
  beta_raw[2,4]      1.0014427    0.541562      0.095678     0.490709     1.03439759     1.5568706     1.739579
  beta_raw[2,5]      1.7500089    0.825335     -0.172293     1.223380     2.14090769     2.3971591     2.614236
  beta_raw[2,6]      0.0222738    0.296475     -0.291162    -0.134057    -0.03562943     0.0617030     1.036351
  beta_raw[2,7]      0.0729645    0.138282     -0.227704     0.021632     0.07921304     0.1538401     0.366759
  beta_raw[2,8]     -0.3893428    0.429730     -1.677552    -0.395786    -0.25548922    -0.1321537     0.047822
  beta_raw[2,9]      0.0054836    0.006277     -0.004197     0.001654     0.00438103     0.0083511     0.023197
  beta_raw[2,10]    -0.0003654    0.000599     -0.002540    -0.000437    -0.00024589    -0.0000508     0.000269
  beta_raw[3,1]     -3.2431279    1.137988     -4.447504    -4.246595    -3.42676903    -2.6610908    -0.274163
  beta_raw[3,2]      0.9894805    0.450823      0.179893     0.617271     1.09748360     1.3604828     1.623281
  beta_raw[3,3]      0.6039574    0.249263      0.132575     0.416278     0.63115224     0.8071031     1.002074
  beta_raw[3,4]      5.9407157    1.476786      1.436922     5.518780     6.45545514     6.9533424     7.134382
  beta_raw[3,5]      1.7352366    1.499884     -1.833350     0.892704     2.50724827     2.8744316     3.059748
  beta_raw[3,6]     -0.1073176    0.116709     -0.315025    -0.203721    -0.10506145    -0.0182580     0.112409
  beta_raw[3,7]     -0.0139746    0.204160     -0.405874    -0.167633    -0.02367512     0.1661730     0.344037
  beta_raw[3,8]      0.0603343    0.237921     -0.331699    -0.119204     0.06181482     0.2435309     0.449321
  beta_raw[3,9]      0.0009090    0.003629     -0.006102    -0.001754     0.00115454     0.0034313     0.007124
  beta_raw[3,10]    -0.0000656    0.000434     -0.001274    -0.000265     0.00000761     0.0001985     0.000546
  beta_raw[4,1]     -2.1222244    0.722940     -2.727685    -2.592301    -2.43479822    -2.0355405    -0.259898
  beta_raw[4,2]      0.8602454    0.363054      0.067382     0.695941     0.99256767     1.1322703     1.251637
  beta_raw[4,3]      2.2935502    0.787905      0.463342     1.986116     2.67494637     2.8217794     2.947383
  beta_raw[4,4]      1.7417006    1.222173     -1.521296     1.538316     2.30631601     2.4816533     2.681485
  beta_raw[4,5]      3.4784051    1.171737     -0.497480     3.404233     3.96582384     4.0555763     4.148558
  beta_raw[4,6]     -0.4041290    0.206211     -0.711270    -0.517870    -0.41594376    -0.3397643     0.001413
  beta_raw[4,7]     -0.2660803    0.150515     -0.559999    -0.346209    -0.26159268    -0.1974636     0.004754
  beta_raw[4,8]      0.3662391    0.165724      0.011011     0.292103     0.38009177     0.4537406     0.655994
  beta_raw[4,9]     -0.0166402    0.002978     -0.022662    -0.018457    -0.01655784    -0.0148658    -0.011147
  beta_raw[4,10]    -0.0001309    0.000511     -0.000865    -0.000204    -0.00005626     0.0001015     0.000306
  beta_raw[5,1]     -2.5501021    0.838523     -3.181315    -3.058688    -2.85706645    -2.4111313     0.083109
  beta_raw[5,2]      0.8618123    0.211805      0.447435     0.707742     0.87365338     1.0154132     1.228585
  beta_raw[5,3]      0.3815239    0.423009     -0.409520     0.016354     0.55727642     0.7515656     0.905557
  beta_raw[5,4]      1.2555493    0.917147     -0.368702     0.497285     1.66481218     2.0759041     2.448108
  beta_raw[5,5]      0.1417411    0.576380     -0.697329    -0.349726     0.11943752     0.7630670     1.081952
  beta_raw[5,6]     -0.8193186    0.535784     -1.259742    -1.041461    -0.96574732    -0.8484635     1.029119
  beta_raw[5,7]     -0.8920345    0.290237     -1.459954    -1.127812    -0.80531599    -0.6769974    -0.458420
  beta_raw[5,8]     -1.0273735    0.307617     -1.778379    -1.163753    -0.91640739    -0.8111336    -0.702229
  beta_raw[5,9]      0.0594109    0.011079      0.037049     0.052401     0.05866510     0.0647458     0.087802
  beta_raw[5,10]     0.0004381    0.001223     -0.003774     0.000437     0.00073736     0.0009853     0.001448
  beta[1,1]          0.0000000    0.000000      0.000000     0.000000     0.00000000     0.0000000     0.000000
  beta[1,2]          0.0000000    0.000000      0.000000     0.000000     0.00000000     0.0000000     0.000000
  beta[1,3]          0.0000000    0.000000      0.000000     0.000000     0.00000000     0.0000000     0.000000
  beta[1,4]          0.0000000    0.000000      0.000000     0.000000     0.00000000     0.0000000     0.000000
  beta[1,5]          0.0000000    0.000000      0.000000     0.000000     0.00000000     0.0000000     0.000000
  beta[1,6]          0.0000000    0.000000      0.000000     0.000000     0.00000000     0.0000000     0.000000
  beta[1,7]          0.0000000    0.000000      0.000000     0.000000     0.00000000     0.0000000     0.000000
  beta[1,8]          0.0000000    0.000000      0.000000     0.000000     0.00000000     0.0000000     0.000000
  beta[1,9]          0.0000000    0.000000      0.000000     0.000000     0.00000000     0.0000000     0.000000
  beta[1,10]         0.0000000    0.000000      0.000000     0.000000     0.00000000     0.0000000     0.000000
  beta[2,1]         -2.6971644    0.958558     -3.456368    -3.280319    -3.17315820    -2.3837067     0.262308
  beta[2,2]          3.7530464    0.637452      1.631703     3.822155     3.95251415     4.0302231     4.176668
  beta[2,3]         -0.6154612    0.452491     -1.583920    -1.078021    -0.36736989    -0.2616218    -0.143034
  beta[2,4]          0.1955861    1.047734     -1.690613    -0.636949     0.44074608     1.1766656     1.458957
  beta[2,5]          0.8528437    0.526417     -0.219079     0.423314     1.06208444     1.2533096     1.428706
  beta[2,6]         -0.0296896    0.290899     -0.866860    -0.062367     0.04615972     0.1395127     0.284043
  beta[2,7]         -0.0262520    0.294519     -0.788396    -0.128877     0.06350152     0.1853012     0.276747
  beta[2,8]          0.3609410    0.233449     -0.154377     0.235044     0.43167389     0.5000588     0.773481
  beta[2,9]          0.0169033    0.007026      0.008041     0.013284     0.01576426     0.0186928     0.036828
  beta[2,10]        -0.0000653    0.000454     -0.001606    -0.000121     0.00003467     0.0001645     0.000395
  beta[3,1]         -2.9045610    0.935122     -3.786899    -3.514932    -3.22255988    -2.8211894    -0.271085
  beta[3,2]         -0.3904706    0.396548     -1.052266    -0.746164    -0.45256648    -0.0019713     0.285767
  beta[3,3]          4.9077206    1.001010      2.005163     4.676492     5.25599140     5.6116345     5.823109
  beta[3,4]          1.0014427    0.541562      0.095678     0.490709     1.03439759     1.5568706     1.739579
  beta[3,5]          1.7500089    0.825335     -0.172293     1.223380     2.14090769     2.3971591     2.614236
  beta[3,6]          0.0222738    0.296475     -0.291162    -0.134057    -0.03562943     0.0617030     1.036351
  beta[3,7]          0.0729645    0.138282     -0.227704     0.021632     0.07921304     0.1538401     0.366759
  beta[3,8]         -0.3893428    0.429730     -1.677552    -0.395786    -0.25548922    -0.1321537     0.047822
  beta[3,9]          0.0054836    0.006277     -0.004197     0.001654     0.00438103     0.0083511     0.023197
  beta[3,10]        -0.0003654    0.000599     -0.002540    -0.000437    -0.00024589    -0.0000508     0.000269
  beta[4,1]         -3.2431279    1.137988     -4.447504    -4.246595    -3.42676903    -2.6610908    -0.274163
  beta[4,2]          0.9894805    0.450823      0.179893     0.617271     1.09748360     1.3604828     1.623281
  beta[4,3]          0.6039574    0.249263      0.132575     0.416278     0.63115224     0.8071031     1.002074
  beta[4,4]          5.9407157    1.476786      1.436922     5.518780     6.45545514     6.9533424     7.134382
  beta[4,5]          1.7352366    1.499884     -1.833350     0.892704     2.50724827     2.8744316     3.059748
  beta[4,6]         -0.1073176    0.116709     -0.315025    -0.203721    -0.10506145    -0.0182580     0.112409
  beta[4,7]         -0.0139746    0.204160     -0.405874    -0.167633    -0.02367512     0.1661730     0.344037
  beta[4,8]          0.0603343    0.237921     -0.331699    -0.119204     0.06181482     0.2435309     0.449321
  beta[4,9]          0.0009090    0.003629     -0.006102    -0.001754     0.00115454     0.0034313     0.007124
  beta[4,10]        -0.0000656    0.000434     -0.001274    -0.000265     0.00000761     0.0001985     0.000546
  beta[5,1]         -2.1222244    0.722940     -2.727685    -2.592301    -2.43479822    -2.0355405    -0.259898
  beta[5,2]          0.8602454    0.363054      0.067382     0.695941     0.99256767     1.1322703     1.251637
  beta[5,3]          2.2935502    0.787905      0.463342     1.986116     2.67494637     2.8217794     2.947383
  beta[5,4]          1.7417006    1.222173     -1.521296     1.538316     2.30631601     2.4816533     2.681485
  beta[5,5]          3.4784051    1.171737     -0.497480     3.404233     3.96582384     4.0555763     4.148558
  beta[5,6]         -0.4041290    0.206211     -0.711270    -0.517870    -0.41594376    -0.3397643     0.001413
  beta[5,7]         -0.2660803    0.150515     -0.559999    -0.346209    -0.26159268    -0.1974636     0.004754
  beta[5,8]          0.3662391    0.165724      0.011011     0.292103     0.38009177     0.4537406     0.655994
  beta[5,9]         -0.0166402    0.002978     -0.022662    -0.018457    -0.01655784    -0.0148658    -0.011147
  beta[5,10]        -0.0001309    0.000511     -0.000865    -0.000204    -0.00005626     0.0001015     0.000306
  beta[6,1]         -2.5501021    0.838523     -3.181315    -3.058688    -2.85706645    -2.4111313     0.083109
  beta[6,2]          0.8618123    0.211805      0.447435     0.707742     0.87365338     1.0154132     1.228585
  beta[6,3]          0.3815239    0.423009     -0.409520     0.016354     0.55727642     0.7515656     0.905557
  beta[6,4]          1.2555493    0.917147     -0.368702     0.497285     1.66481218     2.0759041     2.448108
  beta[6,5]          0.1417411    0.576380     -0.697329    -0.349726     0.11943752     0.7630670     1.081952
  beta[6,6]         -0.8193186    0.535784     -1.259742    -1.041461    -0.96574732    -0.8484635     1.029119
  beta[6,7]         -0.8920345    0.290237     -1.459954    -1.127812    -0.80531599    -0.6769974    -0.458420
  beta[6,8]         -1.0273735    0.307617     -1.778379    -1.163753    -0.91640739    -0.8111336    -0.702229
  beta[6,9]          0.0594109    0.011079      0.037049     0.052401     0.05866510     0.0647458     0.087802
  beta[6,10]         0.0004381    0.001223     -0.003774     0.000437     0.00073736     0.0009853     0.001448
  lp__           -6483.9032883 1619.532135 -11243.599338 -6170.514615 -6003.36704613 -5970.2599064 -5958.176113

, , chains = chain:2

                stats
parameter                mean          sd         2.5%          25%          50%          75%        97.5%
  beta_raw[1,1]       0.35497   0.0004882      0.35420      0.35478      0.35497      0.35516      0.35611
  beta_raw[1,2]      -0.87646   0.0011536     -0.87853     -0.87755     -0.87631     -0.87533     -0.87512
  beta_raw[1,3]       1.36773   0.0011634      1.36649      1.36695      1.36726      1.36885      1.36998
  beta_raw[1,4]      -0.71175   0.0004235     -0.71274     -0.71199     -0.71185     -0.71144     -0.71109
  beta_raw[1,5]       1.19014   0.0006842      1.18927      1.18953      1.18996      1.19077      1.19137
  beta_raw[1,6]       0.07714   0.0005690      0.07614      0.07671      0.07716      0.07760      0.07818
  beta_raw[1,7]       1.02303   0.0006532      1.02216      1.02271      1.02283      1.02310      1.02514
  beta_raw[1,8]       0.26106   0.0004883      0.26030      0.26061      0.26122      0.26141      0.26161
  beta_raw[1,9]       0.05182   0.0055070      0.03507      0.05114      0.05304      0.05454      0.05839
  beta_raw[1,10]     -0.00299   0.0001066     -0.00315     -0.00306     -0.00300     -0.00292     -0.00277
  beta_raw[2,1]       1.29503   0.0012833      1.29136      1.29456      1.29554      1.29592      1.29617
  beta_raw[2,2]      -1.24388   0.0007984     -1.24606     -1.24414     -1.24388     -1.24351     -1.24265
  beta_raw[2,3]       1.77181   0.0006370      1.77079      1.77138      1.77193      1.77212      1.77303
  beta_raw[2,4]      -1.15412   0.0011611     -1.15826     -1.15438     -1.15378     -1.15361     -1.15295
  beta_raw[2,5]       0.61087   0.0003535      0.61018      0.61062      0.61087      0.61113      0.61172
  beta_raw[2,6]      -0.86999   0.0008108     -0.87239     -0.87037     -0.86975     -0.86946     -0.86917
  beta_raw[2,7]      -0.71697   0.0009513     -0.71992     -0.71717     -0.71668     -0.71646     -0.71618
  beta_raw[2,8]       0.51846   0.0006188      0.51782      0.51797      0.51829      0.51885      0.52013
  beta_raw[2,9]       0.02955   0.0094510      0.01302      0.02874      0.03146      0.03405      0.03575
  beta_raw[2,10]     -0.00412   0.0002115     -0.00441     -0.00422     -0.00407     -0.00402     -0.00386
  beta_raw[3,1]       0.41494   0.0003692      0.41424      0.41476      0.41491      0.41515      0.41569
  beta_raw[3,2]       1.53613   0.0003852      1.53537      1.53597      1.53614      1.53624      1.53725
  beta_raw[3,3]       1.60419   0.0004851      1.60311      1.60402      1.60414      1.60442      1.60493
  beta_raw[3,4]       0.65820   0.0021662      0.65213      0.65704      0.65842      0.65961      0.66098
  beta_raw[3,5]      -0.11444   0.0004400     -0.11543     -0.11458     -0.11437     -0.11420     -0.11368
  beta_raw[3,6]       1.75023   0.0004333      1.74937      1.74990      1.75024      1.75050      1.75096
  beta_raw[3,7]       0.16168   0.0007199      0.15961      0.16134      0.16180      0.16200      0.16294
  beta_raw[3,8]       0.48959   0.0004332      0.48896      0.48926      0.48960      0.48979      0.49059
  beta_raw[3,9]       0.01208   0.0050607     -0.00147      0.01243      0.01348      0.01491      0.01618
  beta_raw[3,10]     -0.00455   0.0000877     -0.00471     -0.00461     -0.00456     -0.00448     -0.00438
  beta_raw[4,1]       1.66476   0.0007565      1.66245      1.66449      1.66466      1.66522      1.66613
  beta_raw[4,2]       1.41624   0.0008532      1.41541      1.41589      1.41607      1.41623      1.41964
  beta_raw[4,3]      -0.46875   0.0004655     -0.46940     -0.46897     -0.46880     -0.46857     -0.46783
  beta_raw[4,4]      -0.06416   0.0015553     -0.06774     -0.06491     -0.06367     -0.06299     -0.06263
  beta_raw[4,5]       0.14344   0.0017583      0.13711      0.14328      0.14344      0.14479      0.14521
  beta_raw[4,6]       0.22731   0.0010341      0.22565      0.22651      0.22734      0.22769      0.23088
  beta_raw[4,7]      -0.61702   0.0022494     -0.62006     -0.61850     -0.61743     -0.61609     -0.60987
  beta_raw[4,8]       0.97709   0.0012053      0.97485      0.97646      0.97708      0.97807      0.97977
  beta_raw[4,9]      -0.01175   0.0059909     -0.02799     -0.01199     -0.01042     -0.00901     -0.00532
  beta_raw[4,10]     -0.00539   0.0001163     -0.00564     -0.00546     -0.00540     -0.00532     -0.00517
  beta_raw[5,1]      -0.50049   0.0004854     -0.50120     -0.50078     -0.50055     -0.50029     -0.49934
  beta_raw[5,2]      -0.75644   0.0011981     -0.75805     -0.75757     -0.75633     -0.75515     -0.75470
  beta_raw[5,3]      -1.54641   0.0004184     -1.54781     -1.54645     -1.54632     -1.54620     -1.54595
  beta_raw[5,4]      -0.98955   0.0003592     -0.99000     -0.98975     -0.98965     -0.98935     -0.98871
  beta_raw[5,5]       1.05342   0.0005273      1.05276      1.05299      1.05329      1.05377      1.05484
  beta_raw[5,6]      -0.09278   0.0006534     -0.09398     -0.09328     -0.09280     -0.09236     -0.09160
  beta_raw[5,7]      -1.41048   0.0005836     -1.41139     -1.41089     -1.41061     -1.41000     -1.40917
  beta_raw[5,8]       0.20520   0.0008596      0.20251      0.20518      0.20542      0.20565      0.20601
  beta_raw[5,9]       0.03042   0.1128830     -0.36918      0.05634      0.05923      0.06258      0.06701
  beta_raw[5,10]     -0.00349   0.0043134     -0.01738     -0.00273     -0.00260     -0.00248     -0.00197
  beta[1,1]           0.00000   0.0000000      0.00000      0.00000      0.00000      0.00000      0.00000
  beta[1,2]           0.00000   0.0000000      0.00000      0.00000      0.00000      0.00000      0.00000
  beta[1,3]           0.00000   0.0000000      0.00000      0.00000      0.00000      0.00000      0.00000
  beta[1,4]           0.00000   0.0000000      0.00000      0.00000      0.00000      0.00000      0.00000
  beta[1,5]           0.00000   0.0000000      0.00000      0.00000      0.00000      0.00000      0.00000
  beta[1,6]           0.00000   0.0000000      0.00000      0.00000      0.00000      0.00000      0.00000
  beta[1,7]           0.00000   0.0000000      0.00000      0.00000      0.00000      0.00000      0.00000
  beta[1,8]           0.00000   0.0000000      0.00000      0.00000      0.00000      0.00000      0.00000
  beta[1,9]           0.00000   0.0000000      0.00000      0.00000      0.00000      0.00000      0.00000
  beta[1,10]          0.00000   0.0000000      0.00000      0.00000      0.00000      0.00000      0.00000
  beta[2,1]           0.35497   0.0004882      0.35420      0.35478      0.35497      0.35516      0.35611
  beta[2,2]          -0.87646   0.0011536     -0.87853     -0.87755     -0.87631     -0.87533     -0.87512
  beta[2,3]           1.36773   0.0011634      1.36649      1.36695      1.36726      1.36885      1.36998
  beta[2,4]          -0.71175   0.0004235     -0.71274     -0.71199     -0.71185     -0.71144     -0.71109
  beta[2,5]           1.19014   0.0006842      1.18927      1.18953      1.18996      1.19077      1.19137
  beta[2,6]           0.07714   0.0005690      0.07614      0.07671      0.07716      0.07760      0.07818
  beta[2,7]           1.02303   0.0006532      1.02216      1.02271      1.02283      1.02310      1.02514
  beta[2,8]           0.26106   0.0004883      0.26030      0.26061      0.26122      0.26141      0.26161
  beta[2,9]           0.05182   0.0055070      0.03507      0.05114      0.05304      0.05454      0.05839
  beta[2,10]         -0.00299   0.0001066     -0.00315     -0.00306     -0.00300     -0.00292     -0.00277
  beta[3,1]           1.29503   0.0012833      1.29136      1.29456      1.29554      1.29592      1.29617
  beta[3,2]          -1.24388   0.0007984     -1.24606     -1.24414     -1.24388     -1.24351     -1.24265
  beta[3,3]           1.77181   0.0006370      1.77079      1.77138      1.77193      1.77212      1.77303
  beta[3,4]          -1.15412   0.0011611     -1.15826     -1.15438     -1.15378     -1.15361     -1.15295
  beta[3,5]           0.61087   0.0003535      0.61018      0.61062      0.61087      0.61113      0.61172
  beta[3,6]          -0.86999   0.0008108     -0.87239     -0.87037     -0.86975     -0.86946     -0.86917
  beta[3,7]          -0.71697   0.0009513     -0.71992     -0.71717     -0.71668     -0.71646     -0.71618
  beta[3,8]           0.51846   0.0006188      0.51782      0.51797      0.51829      0.51885      0.52013
  beta[3,9]           0.02955   0.0094510      0.01302      0.02874      0.03146      0.03405      0.03575
  beta[3,10]         -0.00412   0.0002115     -0.00441     -0.00422     -0.00407     -0.00402     -0.00386
  beta[4,1]           0.41494   0.0003692      0.41424      0.41476      0.41491      0.41515      0.41569
  beta[4,2]           1.53613   0.0003852      1.53537      1.53597      1.53614      1.53624      1.53725
  beta[4,3]           1.60419   0.0004851      1.60311      1.60402      1.60414      1.60442      1.60493
  beta[4,4]           0.65820   0.0021662      0.65213      0.65704      0.65842      0.65961      0.66098
  beta[4,5]          -0.11444   0.0004400     -0.11543     -0.11458     -0.11437     -0.11420     -0.11368
  beta[4,6]           1.75023   0.0004333      1.74937      1.74990      1.75024      1.75050      1.75096
  beta[4,7]           0.16168   0.0007199      0.15961      0.16134      0.16180      0.16200      0.16294
  beta[4,8]           0.48959   0.0004332      0.48896      0.48926      0.48960      0.48979      0.49059
  beta[4,9]           0.01208   0.0050607     -0.00147      0.01243      0.01348      0.01491      0.01618
  beta[4,10]         -0.00455   0.0000877     -0.00471     -0.00461     -0.00456     -0.00448     -0.00438
  beta[5,1]           1.66476   0.0007565      1.66245      1.66449      1.66466      1.66522      1.66613
  beta[5,2]           1.41624   0.0008532      1.41541      1.41589      1.41607      1.41623      1.41964
  beta[5,3]          -0.46875   0.0004655     -0.46940     -0.46897     -0.46880     -0.46857     -0.46783
  beta[5,4]          -0.06416   0.0015553     -0.06774     -0.06491     -0.06367     -0.06299     -0.06263
  beta[5,5]           0.14344   0.0017583      0.13711      0.14328      0.14344      0.14479      0.14521
  beta[5,6]           0.22731   0.0010341      0.22565      0.22651      0.22734      0.22769      0.23088
  beta[5,7]          -0.61702   0.0022494     -0.62006     -0.61850     -0.61743     -0.61609     -0.60987
  beta[5,8]           0.97709   0.0012053      0.97485      0.97646      0.97708      0.97807      0.97977
  beta[5,9]          -0.01175   0.0059909     -0.02799     -0.01199     -0.01042     -0.00901     -0.00532
  beta[5,10]         -0.00539   0.0001163     -0.00564     -0.00546     -0.00540     -0.00532     -0.00517
  beta[6,1]          -0.50049   0.0004854     -0.50120     -0.50078     -0.50055     -0.50029     -0.49934
  beta[6,2]          -0.75644   0.0011981     -0.75805     -0.75757     -0.75633     -0.75515     -0.75470
  beta[6,3]          -1.54641   0.0004184     -1.54781     -1.54645     -1.54632     -1.54620     -1.54595
  beta[6,4]          -0.98955   0.0003592     -0.99000     -0.98975     -0.98965     -0.98935     -0.98871
  beta[6,5]           1.05342   0.0005273      1.05276      1.05299      1.05329      1.05377      1.05484
  beta[6,6]          -0.09278   0.0006534     -0.09398     -0.09328     -0.09280     -0.09236     -0.09160
  beta[6,7]          -1.41048   0.0005836     -1.41139     -1.41089     -1.41061     -1.41000     -1.40917
  beta[6,8]           0.20520   0.0008596      0.20251      0.20518      0.20542      0.20565      0.20601
  beta[6,9]           0.03042   0.1128830     -0.36918      0.05634      0.05923      0.06258      0.06701
  beta[6,10]         -0.00349   0.0043134     -0.01738     -0.00273     -0.00260     -0.00248     -0.00197
  lp__           -17593.78488 750.2291395 -20050.22860 -17420.11901 -17418.09256 -17416.69060 -17414.30782

, , chains = chain:3

                stats
parameter                 mean         sd         2.5%           25%           50%           75%         97.5%
  beta_raw[1,1]     -2.9317368   0.161610    -3.230701    -3.0311617    -2.9335842    -2.8252382    -2.6137779
  beta_raw[1,2]      3.8119984   0.126254     3.583736     3.7171596     3.8076677     3.9075039     4.0768011
  beta_raw[1,3]      0.0402743   0.204174    -0.339775    -0.1063972     0.0365580     0.1883385     0.4124237
  beta_raw[1,4]      1.1043421   0.307898     0.323920     1.0111845     1.1354080     1.2877678     1.5769609
  beta_raw[1,5]     -0.2245666   0.392484    -0.953905    -0.5061423    -0.2356164     0.0173110     0.4844382
  beta_raw[1,6]      0.0502900   0.089500    -0.127803    -0.0148383     0.0616962     0.1162598     0.2114142
  beta_raw[1,7]      0.0337617   0.107240    -0.175668    -0.0371157     0.0378643     0.1038248     0.2461056
  beta_raw[1,8]      0.4269068   0.118221     0.223034     0.3474485     0.4210273     0.5140939     0.6618339
  beta_raw[1,9]      0.0153452   0.003299     0.008772     0.0134865     0.0154169     0.0173888     0.0215979
  beta_raw[1,10]     0.0000984   0.000158    -0.000204    -0.0000123     0.0000908     0.0002194     0.0003878
  beta_raw[2,1]     -3.3606260   0.299140    -3.786078    -3.5429828    -3.4181006    -3.2362380    -2.4154712
  beta_raw[2,2]     -1.7280277   0.083405    -1.889884    -1.7745247    -1.7185495    -1.6574774    -1.6031534
  beta_raw[2,3]      5.0127133   0.217054     4.604764     4.8542294     4.9932580     5.1708995     5.4999386
  beta_raw[2,4]      1.3000710   0.294281     0.783851     1.0492365     1.3350649     1.5721726     1.7171516
  beta_raw[2,5]      2.1603796   0.199539     1.782198     2.0340487     2.1515847     2.2836647     2.5248600
  beta_raw[2,6]      0.0548918   0.132129    -0.220868    -0.0252490     0.0600996     0.1515833     0.2972369
  beta_raw[2,7]     -0.0238118   0.296346    -0.882436    -0.0380790     0.0933630     0.1592082     0.2702785
  beta_raw[2,8]     -0.1729185   0.172096    -0.493978    -0.2952092    -0.1766594    -0.0385747     0.1554689
  beta_raw[2,9]      0.0054746   0.004832    -0.003414     0.0020810     0.0051393     0.0087974     0.0157740
  beta_raw[2,10]    -0.0002602   0.000275    -0.000812    -0.0004567    -0.0002560    -0.0000543     0.0002288
  beta_raw[3,1]     -3.2759685   0.279769    -3.685739    -3.4944378    -3.3141377    -3.0503382    -2.7227273
  beta_raw[3,2]     -0.8894178   0.145210    -1.137045    -1.0406295    -0.8742731    -0.7532685    -0.6745566
  beta_raw[3,3]     -0.2709414   0.139645    -0.483378    -0.3708168    -0.3101941    -0.1587494    -0.0145944
  beta_raw[3,4]      6.0249983   0.336377     5.261538     5.8305042     6.1142680     6.2758328     6.5045774
  beta_raw[3,5]      1.5989011   0.478860     0.477374     1.3735285     1.6325571     1.9208271     2.3617631
  beta_raw[3,6]     -0.0467085   0.101363    -0.252678    -0.1190031    -0.0471011     0.0233031     0.1449488
  beta_raw[3,7]      0.0453959   0.130152    -0.200658    -0.0579986     0.0628342     0.1305448     0.2845113
  beta_raw[3,8]      0.1139033   0.144179    -0.141840    -0.0020153     0.1187039     0.2236150     0.3663903
  beta_raw[3,9]     -0.0009281   0.003390    -0.007888    -0.0035199    -0.0007788     0.0014325     0.0052437
  beta_raw[3,10]    -0.0000628   0.000188    -0.000418    -0.0001846    -0.0000768     0.0000662     0.0002986
  beta_raw[4,1]     -1.6385798   0.530730    -2.248462    -2.0064893    -1.7962018    -1.3211262    -0.3036313
  beta_raw[4,2]      0.4899788   0.534558    -0.570926     0.0631886     0.6982495     0.9158082     1.0819445
  beta_raw[4,3]      1.2413274   0.947104    -1.034776     0.6315569     1.6353056     2.0481416     2.2580641
  beta_raw[4,4]      1.7882759   0.713997    -0.220417     1.4490900     2.1597652     2.2755619     2.4077757
  beta_raw[4,5]      3.4553778   0.314372     2.779992     3.2498871     3.5194758     3.7090984     3.8964059
  beta_raw[4,6]     -0.5907795   0.103853    -0.748691    -0.6917443    -0.5932366    -0.5138619    -0.4051623
  beta_raw[4,7]     -0.4040305   0.121273    -0.697370    -0.4568387    -0.3864263    -0.3188742    -0.2161399
  beta_raw[4,8]      0.1343112   0.209799    -0.456434    -0.0098042     0.1915288     0.2665205     0.4428844
  beta_raw[4,9]     -0.0150336   0.002896    -0.021311    -0.0170489    -0.0151781    -0.0131340    -0.0094135
  beta_raw[4,10]    -0.0002660   0.000206    -0.000747    -0.0003771    -0.0002194    -0.0001306     0.0000661
  beta_raw[5,1]     -3.4219564   0.136921    -3.698801    -3.5399475    -3.3777429    -3.3236090    -3.2209908
  beta_raw[5,2]      1.0803926   0.113385     0.875042     0.9943916     1.0949328     1.1685406     1.2588286
  beta_raw[5,3]     -1.0595301   0.069634    -1.197339    -1.1063063    -1.0528191    -1.0045211    -0.9628682
  beta_raw[5,4]     -0.6354231   0.459008    -1.381903    -1.0692635    -0.5700462    -0.2229028    -0.0051665
  beta_raw[5,5]      0.5782719   0.097238     0.417873     0.4899314     0.5798016     0.6637497     0.7388417
  beta_raw[5,6]     -0.6583002   0.366881    -1.161431    -1.0147574    -0.6022866    -0.4343229     0.0574454
  beta_raw[5,7]     -0.5812472   0.091940    -0.748324    -0.6391033    -0.5874139    -0.5477080    -0.3727161
  beta_raw[5,8]     -0.4612081   0.061243    -0.612399    -0.5016849    -0.4495450    -0.4185077    -0.3613701
  beta_raw[5,9]      0.0580750   0.009458     0.039386     0.0511217     0.0576988     0.0652616     0.0759274
  beta_raw[5,10]     0.0009185   0.000315     0.000271     0.0006909     0.0009567     0.0011532     0.0014658
  beta[1,1]          0.0000000   0.000000     0.000000     0.0000000     0.0000000     0.0000000     0.0000000
  beta[1,2]          0.0000000   0.000000     0.000000     0.0000000     0.0000000     0.0000000     0.0000000
  beta[1,3]          0.0000000   0.000000     0.000000     0.0000000     0.0000000     0.0000000     0.0000000
  beta[1,4]          0.0000000   0.000000     0.000000     0.0000000     0.0000000     0.0000000     0.0000000
  beta[1,5]          0.0000000   0.000000     0.000000     0.0000000     0.0000000     0.0000000     0.0000000
  beta[1,6]          0.0000000   0.000000     0.000000     0.0000000     0.0000000     0.0000000     0.0000000
  beta[1,7]          0.0000000   0.000000     0.000000     0.0000000     0.0000000     0.0000000     0.0000000
  beta[1,8]          0.0000000   0.000000     0.000000     0.0000000     0.0000000     0.0000000     0.0000000
  beta[1,9]          0.0000000   0.000000     0.000000     0.0000000     0.0000000     0.0000000     0.0000000
  beta[1,10]         0.0000000   0.000000     0.000000     0.0000000     0.0000000     0.0000000     0.0000000
  beta[2,1]         -2.9317368   0.161610    -3.230701    -3.0311617    -2.9335842    -2.8252382    -2.6137779
  beta[2,2]          3.8119984   0.126254     3.583736     3.7171596     3.8076677     3.9075039     4.0768011
  beta[2,3]          0.0402743   0.204174    -0.339775    -0.1063972     0.0365580     0.1883385     0.4124237
  beta[2,4]          1.1043421   0.307898     0.323920     1.0111845     1.1354080     1.2877678     1.5769609
  beta[2,5]         -0.2245666   0.392484    -0.953905    -0.5061423    -0.2356164     0.0173110     0.4844382
  beta[2,6]          0.0502900   0.089500    -0.127803    -0.0148383     0.0616962     0.1162598     0.2114142
  beta[2,7]          0.0337617   0.107240    -0.175668    -0.0371157     0.0378643     0.1038248     0.2461056
  beta[2,8]          0.4269068   0.118221     0.223034     0.3474485     0.4210273     0.5140939     0.6618339
  beta[2,9]          0.0153452   0.003299     0.008772     0.0134865     0.0154169     0.0173888     0.0215979
  beta[2,10]         0.0000984   0.000158    -0.000204    -0.0000123     0.0000908     0.0002194     0.0003878
  beta[3,1]         -3.3606260   0.299140    -3.786078    -3.5429828    -3.4181006    -3.2362380    -2.4154712
  beta[3,2]         -1.7280277   0.083405    -1.889884    -1.7745247    -1.7185495    -1.6574774    -1.6031534
  beta[3,3]          5.0127133   0.217054     4.604764     4.8542294     4.9932580     5.1708995     5.4999386
  beta[3,4]          1.3000710   0.294281     0.783851     1.0492365     1.3350649     1.5721726     1.7171516
  beta[3,5]          2.1603796   0.199539     1.782198     2.0340487     2.1515847     2.2836647     2.5248600
  beta[3,6]          0.0548918   0.132129    -0.220868    -0.0252490     0.0600996     0.1515833     0.2972369
  beta[3,7]         -0.0238118   0.296346    -0.882436    -0.0380790     0.0933630     0.1592082     0.2702785
  beta[3,8]         -0.1729185   0.172096    -0.493978    -0.2952092    -0.1766594    -0.0385747     0.1554689
  beta[3,9]          0.0054746   0.004832    -0.003414     0.0020810     0.0051393     0.0087974     0.0157740
  beta[3,10]        -0.0002602   0.000275    -0.000812    -0.0004567    -0.0002560    -0.0000543     0.0002288
  beta[4,1]         -3.2759685   0.279769    -3.685739    -3.4944378    -3.3141377    -3.0503382    -2.7227273
  beta[4,2]         -0.8894178   0.145210    -1.137045    -1.0406295    -0.8742731    -0.7532685    -0.6745566
  beta[4,3]         -0.2709414   0.139645    -0.483378    -0.3708168    -0.3101941    -0.1587494    -0.0145944
  beta[4,4]          6.0249983   0.336377     5.261538     5.8305042     6.1142680     6.2758328     6.5045774
  beta[4,5]          1.5989011   0.478860     0.477374     1.3735285     1.6325571     1.9208271     2.3617631
  beta[4,6]         -0.0467085   0.101363    -0.252678    -0.1190031    -0.0471011     0.0233031     0.1449488
  beta[4,7]          0.0453959   0.130152    -0.200658    -0.0579986     0.0628342     0.1305448     0.2845113
  beta[4,8]          0.1139033   0.144179    -0.141840    -0.0020153     0.1187039     0.2236150     0.3663903
  beta[4,9]         -0.0009281   0.003390    -0.007888    -0.0035199    -0.0007788     0.0014325     0.0052437
  beta[4,10]        -0.0000628   0.000188    -0.000418    -0.0001846    -0.0000768     0.0000662     0.0002986
  beta[5,1]         -1.6385798   0.530730    -2.248462    -2.0064893    -1.7962018    -1.3211262    -0.3036313
  beta[5,2]          0.4899788   0.534558    -0.570926     0.0631886     0.6982495     0.9158082     1.0819445
  beta[5,3]          1.2413274   0.947104    -1.034776     0.6315569     1.6353056     2.0481416     2.2580641
  beta[5,4]          1.7882759   0.713997    -0.220417     1.4490900     2.1597652     2.2755619     2.4077757
  beta[5,5]          3.4553778   0.314372     2.779992     3.2498871     3.5194758     3.7090984     3.8964059
  beta[5,6]         -0.5907795   0.103853    -0.748691    -0.6917443    -0.5932366    -0.5138619    -0.4051623
  beta[5,7]         -0.4040305   0.121273    -0.697370    -0.4568387    -0.3864263    -0.3188742    -0.2161399
  beta[5,8]          0.1343112   0.209799    -0.456434    -0.0098042     0.1915288     0.2665205     0.4428844
  beta[5,9]         -0.0150336   0.002896    -0.021311    -0.0170489    -0.0151781    -0.0131340    -0.0094135
  beta[5,10]        -0.0002660   0.000206    -0.000747    -0.0003771    -0.0002194    -0.0001306     0.0000661
  beta[6,1]         -3.4219564   0.136921    -3.698801    -3.5399475    -3.3777429    -3.3236090    -3.2209908
  beta[6,2]          1.0803926   0.113385     0.875042     0.9943916     1.0949328     1.1685406     1.2588286
  beta[6,3]         -1.0595301   0.069634    -1.197339    -1.1063063    -1.0528191    -1.0045211    -0.9628682
  beta[6,4]         -0.6354231   0.459008    -1.381903    -1.0692635    -0.5700462    -0.2229028    -0.0051665
  beta[6,5]          0.5782719   0.097238     0.417873     0.4899314     0.5798016     0.6637497     0.7388417
  beta[6,6]         -0.6583002   0.366881    -1.161431    -1.0147574    -0.6022866    -0.4343229     0.0574454
  beta[6,7]         -0.5812472   0.091940    -0.748324    -0.6391033    -0.5874139    -0.5477080    -0.3727161
  beta[6,8]         -0.4612081   0.061243    -0.612399    -0.5016849    -0.4495450    -0.4185077    -0.3613701
  beta[6,9]          0.0580750   0.009458     0.039386     0.0511217     0.0576988     0.0652616     0.0759274
  beta[6,10]         0.0009185   0.000315     0.000271     0.0006909     0.0009567     0.0011532     0.0014658
  lp__           -6208.5255322 164.544667 -6693.743078 -6258.0087690 -6142.3945162 -6095.3371147 -6067.2260846


NOTE:
beta[k,d] are relevant estimates, where

    k = NEXT wave odds of (1) evangelical; (2) mainline; (3) other; (4) catholic; (5) none; (6) death 
    d = intercept,reltrad2,reltrad3,reltrad4,reltrad5,female,married,white,age,age2

@@@@@@@@@@@@@@@@@@@
 MISC INFO 
@@@@@@@@@@@@@@@@@@@@@




Time Taken (munutes)
elapsed 
    215 



Source:ml-stan.R, model: mnl.stan